FIR Filter Coefficients
Sampling Rate
2.500000E+8
N
88
h[0..87]
-0.001459
-0.003007
-0.001743
0.000921
0.001818
-0.000801
-0.002158
0.000348
0.002790
0.000221
-0.003292
-0.001159
0.003726
0.002329
-0.003877
-0.003797
0.003701
0.005451
-0.003050
-0.007248
0.001846
0.009053
2.086908E-5
-0.010736
-0.002624
0.012116
0.006049
-0.012989
-0.010363
0.013099
0.015669
-0.012129
-0.022137
0.009626
0.030125
-0.004839
-0.040473
-0.003769
0.055435
0.020366
-0.082715
-0.062301
0.172054
0.425008
0.425008
0.172054
-0.062301
-0.082715
0.020366
0.055435
-0.003769
-0.040473
-0.004839
0.030125
0.009626
-0.022137
-0.012129
0.015669
0.013099
-0.010363
-0.012989
0.006049
0.012116
-0.002624
-0.010736
2.086908E-5
0.009053
0.001846
-0.007248
-0.003050
0.005451
0.003701
-0.003797
-0.003877
0.002329
0.003726
-0.001159
-0.003292
0.000221
0.002790
0.000348
-0.002158
-0.000801
0.001818
0.000921
-0.001743
-0.003007
-0.001459
