FIR Filter Coefficients
Sampling Rate
2.500000E+8
N
138
h[0..137]
-0.000583
-0.000276
-1.493606E-5
0.000453
0.000941
0.001173
0.000911
0.000109
-0.001004
-0.001962
-0.002247
-0.001546
4.152900E-5
0.001955
0.003367
0.003535
0.002181
-0.000301
-0.002946
-0.004599
-0.004449
-0.002434
0.000666
0.003550
0.004978
0.004360
0.002041
-0.000866
-0.003037
-0.003604
-0.002586
-0.000834
0.000488
0.000618
-0.000310
-0.001296
-0.001080
0.000994
0.004339
0.007157
0.007256
0.003318
-0.004031
-0.012018
-0.016677
-0.014691
-0.005285
0.008800
0.021946
0.027860
0.022494
0.006351
-0.015036
-0.032952
-0.039070
-0.029291
-0.006075
0.021973
0.043332
0.048389
0.033796
0.004375
-0.028455
-0.051226
-0.054088
-0.035160
-0.001593
0.033204
0.055084
0.055084
0.033204
-0.001593
-0.035160
-0.054088
-0.051226
-0.028455
0.004375
0.033796
0.048389
0.043332
0.021973
-0.006075
-0.029291
-0.039070
-0.032952
-0.015036
0.006351
0.022494
0.027860
0.021946
0.008800
-0.005285
-0.014691
-0.016677
-0.012018
-0.004031
0.003318
0.007256
0.007157
0.004339
0.000994
-0.001080
-0.001296
-0.000310
0.000618
0.000488
-0.000834
-0.002586
-0.003604
-0.003037
-0.000866
0.002041
0.004360
0.004978
0.003550
0.000666
-0.002434
-0.004449
-0.004599
-0.002946
-0.000301
0.002181
0.003535
0.003367
0.001955
4.152900E-5
-0.001546
-0.002247
-0.001962
-0.001004
0.000109
0.000911
0.001173
0.000941
0.000453
-1.493606E-5
-0.000276
-0.000583
