FIR Filter Coefficients
Sampling Rate
6.250000E+6
N
49
h[0..48]
0.000846
0.000994
0.001542
0.002254
0.003149
0.004242
0.005546
0.007066
0.008802
0.010743
0.012876
0.015173
0.017603
0.020125
0.022694
0.025256
0.027757
0.030139
0.032345
0.034320
0.036013
0.037380
0.038384
0.038998
0.039204
0.038998
0.038384
0.037380
0.036013
0.034320
0.032345
0.030139
0.027757
0.025256
0.022694
0.020125
0.017603
0.015173
0.012876
0.010743
0.008802
0.007066
0.005546
0.004242
0.003149
0.002254
0.001542
0.000994
0.000846
