FIR Filter Coefficients
Sampling Rate
6.250000E+5
N
51
h[0..50]
0.000713
0.000873
0.001375
0.002036
0.002878
0.003920
0.005178
0.006663
0.008377
0.010319
0.012478
0.014834
0.017361
0.020021
0.022772
0.025564
0.028341
0.031045
0.033614
0.035990
0.038113
0.039931
0.041397
0.042473
0.043131
0.043352
0.043131
0.042473
0.041397
0.039931
0.038113
0.035990
0.033614
0.031045
0.028341
0.025564
0.022772
0.020021
0.017361
0.014834
0.012478
0.010319
0.008377
0.006663
0.005178
0.003920
0.002878
0.002036
0.001375
0.000873
0.000713
