FIR Filter Coefficients
Sampling Rate
6.250000E+7
N
59
h[0..58]
0.052437
0.007678
0.008221
0.008753
0.009271
0.009827
0.010345
0.010895
0.011408
0.011937
0.012435
0.012940
0.013418
0.013900
0.014352
0.014799
0.015208
0.015604
0.015953
0.016290
0.016578
0.016863
0.017096
0.017340
0.017515
0.017704
0.017799
0.017873
0.017962
0.017872
0.017962
0.017873
0.017799
0.017704
0.017515
0.017340
0.017096
0.016863
0.016578
0.016290
0.015953
0.015604
0.015208
0.014799
0.014352
0.013900
0.013418
0.012940
0.012435
0.011937
0.011408
0.010895
0.010345
0.009827
0.009271
0.008753
0.008221
0.007678
0.052437
