FIR Filter Coefficients
Sampling Rate
6.250000E+7
N
50
h[0..49]
0.000741
0.000890
0.001391
0.002046
0.002874
0.003895
0.005117
0.006552
0.008200
0.010055
0.012105
0.014328
0.016695
0.019171
0.021711
0.024269
0.026789
0.029217
0.031497
0.033572
0.035392
0.036910
0.038085
0.038887
0.039293
0.039293
0.038887
0.038085
0.036910
0.035392
0.033572
0.031497
0.029217
0.026789
0.024269
0.021711
0.019171
0.016695
0.014328
0.012105
0.010055
0.008200
0.006552
0.005117
0.003895
0.002874
0.002046
0.001391
0.000890
0.000741
